Afghanistan	246365	9855	0.040002
Albania	242650	5015	0.020668
Algeria	460510	12980	0.028186
Andorra	36690	395	0.010766
Angola	80940	1855	0.022918
Anguilla	50	0	0.000000
Antigua_and_Barbuda	740	20	0.027027
Argentina	7490800	203830	0.027211
Armenia	743410	12515	0.016835
Aruba	25245	230	0.009111
Australia	140155	4540	0.032393
Austria	1600180	22000	0.013748
Azerbaijan	879370	9610	0.010928
Bahamas	38370	815	0.021241
Bahrain	445715	1740	0.003904
Bangladesh	2452665	35260	0.014376
Barbados	1460	35	0.023973
Belarus	801475	6315	0.007879
Belgium	3040005	89755	0.029525
Belize	46475	975	0.020979
Benin	15450	220	0.014239
Bermuda	2155	45	0.020882
Bhutan	2190	0	0.000000
Bolivia	735750	45090	0.061284
Bonaire, Saint Eustatius and Saba	865	15	0.017341
Bosnia_and_Herzegovina	505585	16680	0.032991
Botswana	62505	185	0.002960
Brazil	34509760	907010	0.026283
British_Virgin_Islands	380	5	0.013158
Brunei_Darussalam	760	15	0.019737
Bulgaria	897245	28440	0.031697
Burkina_Faso	20150	355	0.017618
Burundi	3645	5	0.001372
Cambodia	1795	0	0.000000
Cameroon	125715	2215	0.017619
Canada	2303715	67155	0.029151
Cape_Verde	56785	550	0.009686
Cases_on_an_international_conveyance_Japan	3480	35	0.010057
Cayman_Islands	1490	10	0.006711
Central_African_Republic	24680	315	0.012763
Chad	8850	510	0.057627
Chile	2859595	79430	0.027777
China	460105	23695	0.051499
Colombia	7128870	195265	0.027391
Comoros	3140	35	0.011146
Congo	30245	495	0.016366
Costa_Rica	754735	9475	0.012554
Cote_dIvoire	108400	665	0.006135
Croatia	879430	13200	0.015010
Cuba	47115	685	0.014539
Curaçao	18120	55	0.003035
Cyprus	75505	390	0.005165
Czechia	2905395	48045	0.016536
Democratic_Republic_of_the_Congo	72560	1775	0.024463
Denmark	548790	4705	0.008573
Djibouti	28640	305	0.010649
Dominica	435	0	0.000000
Dominican_Republic	773460	11805	0.015263
Ecuador	1010550	69375	0.068651
Egypt	607875	34600	0.056920
El_Salvador	209400	6025	0.028773
Equatorial_Guinea	25925	425	0.016393
Eritrea	3555	0	0.000000
Estonia	90275	745	0.008253
Eswatini	33840	635	0.018765
Ethiopia	583845	9030	0.015466
Falkland_Islands_(Malvinas)	95	0	0.000000
Faroe_Islands	2640	0	0.000000
Fiji	230	10	0.043478
Finland	154050	2265	0.014703
France	11884260	289555	0.024365
French_Polynesia	78090	455	0.005827
Gabon	46650	315	0.006752
Gambia	18910	615	0.032522
Georgia	955315	9195	0.009625
Germany	6685390	109875	0.016435
Ghana	265070	1635	0.006168
Gibraltar	5375	25	0.004651
Greece	622670	18125	0.029109
Greenland	95	0	0.000000
Grenada	345	0	0.000000
Guam	35530	590	0.016606
Guatemala	646410	22115	0.034212
Guernsey	1445	65	0.044983
Guinea	67100	395	0.005887
Guinea_Bissau	12220	220	0.018003
Guyana	29600	775	0.026182
Haiti	47825	1170	0.024464
Holy_See	130	0	0.000000
Honduras	571795	14875	0.026015
Hungary	1419350	35650	0.025117
Iceland	27785	140	0.005039
India	49420500	716775	0.014504
Indonesia	3089100	94095	0.030460
Iran	5541345	260980	0.047097
Iraq	2873170	62895	0.021890
Ireland	380925	10620	0.027880
Isle_of_Man	1850	125	0.067568
Israel	1789295	14995	0.008380
Italy	9218560	322600	0.034995
Jamaica	58550	1365	0.023313
Japan	898265	12925	0.014389
Jersey	8895	160	0.017988
Jordan	1298070	16825	0.012962
Kazakhstan	931385	12760	0.013700
Kenya	459411	7930	0.017261
Kosovo	232900	5990	0.025719
Kuwait	731090	4555	0.006230
Kyrgyzstan	388370	6560	0.016891
Laos	205	0	0.000000
Latvia	128375	1745	0.013593
Lebanon	732600	6000	0.008190
Lesotho	11250	220	0.019556
Liberia	8380	415	0.049523
Libya	453895	6495	0.014309
Liechtenstein	7570	90	0.011889
Lithuania	475105	4125	0.008682
Luxembourg	206360	1980	0.009595
Madagascar	88190	1290	0.014628
Malawi	30330	935	0.030828
Malaysia	417375	2075	0.004972
Maldives	66840	240	0.003591
Mali	29070	970	0.033368
Malta	55505	830	0.014954
Marshall_Islands	20	0	0.000000
Mauritania	53900	1110	0.020594
Mauritius	2575	50	0.019417
Mexico	6250220	569765	0.091159
Moldova	632590	12860	0.020329
Monaco	3340	10	0.002994
Mongolia	4560	0	0.000000
Montenegro	207130	2910	0.014049
Montserrat	65	5	0.076923
Morocco	1998045	33120	0.016576
Mozambique	84770	710	0.008376
Myanmar	541710	11340	0.020934
Namibia	82680	800	0.009676
Nepal	1242115	8490	0.006835
Netherlands	3063730	50170	0.016375
New_Caledonia	180	0	0.000000
New_Zealand	8700	125	0.014368
Nicaragua	29435	810	0.027518
Niger	11290	400	0.035430
Nigeria	365875	5985	0.016358
North_Macedonia	368190	10605	0.028803
Northern_Mariana_Islands	565	10	0.017699
Norway	200110	1935	0.009670
Oman	631200	7355	0.011652
Pakistan	2203935	44160	0.020037
Palestine	623285	5395	0.008656
Panama	965035	16780	0.017388
Papua_New_Guinea	3625	40	0.011034
Paraguay	467910	9765	0.020869
Peru	4924865	183385	0.037237
Philippines	2247000	43665	0.019433
Poland	5678380	114320	0.020133
Portugal	1743720	27795	0.015940
Puerto_Rico	535790	6360	0.011870
Qatar	704805	1200	0.001703
Romania	2781675	66925	0.024059
Russia	13269640	234705	0.017687
Rwanda	33295	280	0.008410
Saint_Kitts_and_Nevis	135	0	0.000000
Saint_Lucia	1375	20	0.014545
Saint_Vincent_and_the_Grenadines	490	0	0.000000
San_Marino	9735	255	0.026194
Sao_Tome_and_Principe	5045	85	0.016848
Saudi_Arabia	1799440	30240	0.016805
Senegal	85375	1745	0.020439
Serbia	1332160	11655	0.008749
Seychelles	935	0	0.000000
Sierra_Leone	12200	375	0.030738
Singapore	291600	145	0.000497
Sint_Maarten	6160	130	0.021104
Slovakia	664920	5875	0.008836
Slovenia	481570	7295	0.015148
Solomon_Islands	85	0	0.000000
Somalia	22895	605	0.026425
South_Africa	4304820	116380	0.027035
South_Korea	217420	2935	0.013499
South_Sudan	16030	310	0.019339
Spain	8652875	238120	0.027519
Sri_Lanka	163950	760	0.004636
Sudan	106930	6735	0.062985
Suriname	26765	585	0.021857
Sweden	1600490	37570	0.023474
Switzerland	1861645	26890	0.014444
Syria	45830	2590	0.056513
Taiwan	3700	35	0.009459
Tajikistan	63520	440	0.006927
Thailand	21185	300	0.014161
Timor_Leste	155	0	0.000000
Togo	16255	330	0.020301
Trinidad_and_Tobago	34395	610	0.017735
Tunisia	556805	19470	0.034967
Turkey	4977355	80995	0.016273
Turks_and_Caicos_islands	3845	30	0.007802
Uganda	137660	1105	0.008027
Ukraine	4503330	76235	0.016929
United_Arab_Emirates	924745	3085	0.003336
United_Kingdom	9247015	320850	0.034698
United_Republic_of_Tanzania	2545	105	0.041257
United_States_Virgin_Islands	9035	115	0.012728
United_States_of_America	81283770	1495885	0.018403
Uruguay	48540	460	0.009477
Uzbekistan	375470	3060	0.008150
Vanuatu	5	0	0.000000
Venezuela	535885	4745	0.008855
Vietnam	6985	175	0.025054
Wallis_and_Futuna	15	0	0.000000
Western_Sahara	3830	5	0.001305
Yemen	10415	3030	0.290927
Zambia	91370	1835	0.020083
Zimbabwe	56230	1535	0.027299
