Afghanistan	49273	1971	0.040002
Albania	48530	1003	0.020668
Algeria	92102	2596	0.028186
Andorra	7338	79	0.010766
Angola	16188	371	0.022918
Anguilla	10	0	0.000000
Antigua_and_Barbuda	148	4	0.027027
Argentina	1498160	40766	0.027211
Armenia	148682	2503	0.016835
Aruba	5049	46	0.009111
Australia	28031	908	0.032393
Austria	320036	4400	0.013748
Azerbaijan	175874	1922	0.010928
Bahamas	7674	163	0.021241
Bahrain	89143	348	0.003904
Bangladesh	490533	7052	0.014376
Barbados	292	7	0.023973
Belarus	160295	1263	0.007879
Belgium	608001	17951	0.029525
Belize	9295	195	0.020979
Benin	3090	44	0.014239
Bermuda	431	9	0.020882
Bhutan	438	0	0.000000
Bolivia	147150	9018	0.061284
Bonaire, Saint Eustatius and Saba	173	3	0.017341
Bosnia_and_Herzegovina	101117	3336	0.032991
Botswana	12501	37	0.002960
Brazil	6901952	181402	0.026283
British_Virgin_Islands	76	1	0.013158
Brunei_Darussalam	152	3	0.019737
Bulgaria	179449	5688	0.031697
Burkina_Faso	4030	71	0.017618
Burundi	729	1	0.001372
Cambodia	359	0	0.000000
Cameroon	25143	443	0.017619
Canada	460743	13431	0.029151
Cape_Verde	11357	110	0.009686
Cases_on_an_international_conveyance_Japan	696	7	0.010057
Cayman_Islands	298	2	0.006711
Central_African_Republic	4936	63	0.012763
Chad	1770	102	0.057627
Chile	571919	15886	0.027777
China	92021	4739	0.051499
Colombia	1425774	39053	0.027391
Comoros	628	7	0.011146
Congo	6049	99	0.016366
Costa_Rica	150947	1895	0.012554
Cote_dIvoire	21680	133	0.006135
Croatia	175886	2640	0.015010
Cuba	9423	137	0.014539
Curaçao	3624	11	0.003035
Cyprus	15101	78	0.005165
Czechia	581079	9609	0.016536
Democratic_Republic_of_the_Congo	14512	355	0.024463
Denmark	109758	941	0.008573
Djibouti	5728	61	0.010649
Dominica	87	0	0.000000
Dominican_Republic	154692	2361	0.015263
Ecuador	202110	13875	0.068651
Egypt	121575	6920	0.056920
El_Salvador	41880	1205	0.028773
Equatorial_Guinea	5185	85	0.016393
Eritrea	711	0	0.000000
Estonia	18055	149	0.008253
Eswatini	6768	127	0.018765
Ethiopia	116769	1806	0.015466
Falkland_Islands_(Malvinas)	19	0	0.000000
Faroe_Islands	528	0	0.000000
Fiji	46	2	0.043478
Finland	30810	453	0.014703
France	2376852	57911	0.024365
French_Polynesia	15618	91	0.005827
Gabon	9330	63	0.006752
Gambia	3782	123	0.032522
Georgia	191063	1839	0.009625
Germany	1337078	21975	0.016435
Ghana	53014	327	0.006168
Gibraltar	1075	5	0.004651
Greece	124534	3625	0.029109
Greenland	19	0	0.000000
Grenada	69	0	0.000000
Guam	7106	118	0.016606
Guatemala	129282	4423	0.034212
Guernsey	289	13	0.044983
Guinea	13420	79	0.005887
Guinea_Bissau	2444	44	0.018003
Guyana	5920	155	0.026182
Haiti	9565	234	0.024464
Holy_See	26	0	0.000000
Honduras	114359	2975	0.026015
Hungary	283870	7130	0.025117
Iceland	5557	28	0.005039
India	9884100	143355	0.014504
Indonesia	617820	18819	0.030460
Iran	1108269	52196	0.047097
Iraq	574634	12579	0.021890
Ireland	76185	2124	0.027880
Isle_of_Man	370	25	0.067568
Israel	357859	2999	0.008380
Italy	1843712	64520	0.034995
Jamaica	11710	273	0.023313
Japan	179653	2585	0.014389
Jersey	1779	32	0.017988
Jordan	259614	3365	0.012962
Kazakhstan	186277	2552	0.013700
Kenya	91843	1582	0.017225
Kosovo	46580	1198	0.025719
Kuwait	146218	911	0.006230
Kyrgyzstan	77674	1312	0.016891
Laos	41	0	0.000000
Latvia	25675	349	0.013593
Lebanon	146520	1200	0.008190
Lesotho	2250	44	0.019556
Liberia	1676	83	0.049523
Libya	90779	1299	0.014309
Liechtenstein	1514	18	0.011889
Lithuania	95021	825	0.008682
Luxembourg	41272	396	0.009595
Madagascar	17638	258	0.014628
Malawi	6066	187	0.030828
Malaysia	83475	415	0.004972
Maldives	13368	48	0.003591
Mali	5814	194	0.033368
Malta	11101	166	0.014954
Marshall_Islands	4	0	0.000000
Mauritania	10780	222	0.020594
Mauritius	515	10	0.019417
Mexico	1250044	113953	0.091159
Moldova	126518	2572	0.020329
Monaco	668	2	0.002994
Mongolia	912	0	0.000000
Montenegro	41426	582	0.014049
Montserrat	13	1	0.076923
Morocco	399609	6624	0.016576
Mozambique	16954	142	0.008376
Myanmar	108342	2268	0.020934
Namibia	16536	160	0.009676
Nepal	248423	1698	0.006835
Netherlands	612746	10034	0.016375
New_Caledonia	36	0	0.000000
New_Zealand	1740	25	0.014368
Nicaragua	5887	162	0.027518
Niger	2258	80	0.035430
Nigeria	73175	1197	0.016358
North_Macedonia	73638	2121	0.028803
Northern_Mariana_Islands	113	2	0.017699
Norway	40022	387	0.009670
Oman	126240	1471	0.011652
Pakistan	440787	8832	0.020037
Palestine	124657	1079	0.008656
Panama	193007	3356	0.017388
Papua_New_Guinea	725	8	0.011034
Paraguay	93582	1953	0.020869
Peru	984973	36677	0.037237
Philippines	449400	8733	0.019433
Poland	1135676	22864	0.020133
Portugal	348744	5559	0.015940
Puerto_Rico	107158	1272	0.011870
Qatar	140961	240	0.001703
Romania	556335	13385	0.024059
Russia	2653928	46941	0.017687
Rwanda	6659	56	0.008410
Saint_Kitts_and_Nevis	27	0	0.000000
Saint_Lucia	275	4	0.014545
Saint_Vincent_and_the_Grenadines	98	0	0.000000
San_Marino	1947	51	0.026194
Sao_Tome_and_Principe	1009	17	0.016848
Saudi_Arabia	359888	6048	0.016805
Senegal	17075	349	0.020439
Serbia	266432	2331	0.008749
Seychelles	187	0	0.000000
Sierra_Leone	2440	75	0.030738
Singapore	58320	29	0.000497
Sint_Maarten	1232	26	0.021104
Slovakia	132984	1175	0.008836
Slovenia	96314	1459	0.015148
Solomon_Islands	17	0	0.000000
Somalia	4579	121	0.026425
South_Africa	860964	23276	0.027035
South_Korea	43484	587	0.013499
South_Sudan	3206	62	0.019339
Spain	1730575	47624	0.027519
Sri_Lanka	32790	152	0.004636
Sudan	21386	1347	0.062985
Suriname	5353	117	0.021857
Sweden	320098	7514	0.023474
Switzerland	372329	5378	0.014444
Syria	9166	518	0.056513
Taiwan	740	7	0.009459
Tajikistan	12704	88	0.006927
Thailand	4237	60	0.014161
Timor_Leste	31	0	0.000000
Togo	3251	66	0.020301
Trinidad_and_Tobago	6879	122	0.017735
Tunisia	111361	3894	0.034967
Turkey	995471	16199	0.016273
Turks_and_Caicos_islands	769	6	0.007802
Uganda	27532	221	0.008027
Ukraine	900666	15247	0.016929
United_Arab_Emirates	184949	617	0.003336
United_Kingdom	1849403	64170	0.034698
United_Republic_of_Tanzania	509	21	0.041257
United_States_Virgin_Islands	1807	23	0.012728
United_States_of_America	16256754	299177	0.018403
Uruguay	9708	92	0.009477
Uzbekistan	75094	612	0.008150
Vanuatu	1	0	0.000000
Venezuela	107177	949	0.008855
Vietnam	1397	35	0.025054
Wallis_and_Futuna	3	0	0.000000
Western_Sahara	766	1	0.001305
Yemen	2083	606	0.290927
Zambia	18274	367	0.020083
Zimbabwe	11246	307	0.027299
